0 1 33
1 49
2 3 32
3 4
4 25
5 6 17
6 31
7 8 31
8 9
9 71
10 11 19
11 696
12 13 66 12
13 14
14 15
15
16 17 45 19 85
17
18 
19 68
20 21 68
21 22
22 23
23 70
24 25 60
25 26
26 69
27 28
28 70
29 30 
30
31
32
33 34 35
34 25
35 16
36 37 71 16
37 53 09 31
38 39 73
39 72
40 41 72
41 42
42 24
43 44 24
44 73
45 46
46
47 48 24
48 73
49 50
50 24
51 52 66
52 55
53 54
54 10
55 158
56 57 17
57 58
58 59
59 60
60 61
61 62
62 17
63 64 18
64 18
65 66 
66 67
67 
68 69 
69 
70 71 15
71 
72 73 
73 
74 75 
75 
76 77 
77 78
78 
79 80 16
80 81
81 
82 83 
83 84
84 11 
85 86 
86 87
87 88
88 31
89 90 
90 43
91 92 
92 
93 94 
94 95
95 
96 97 
97 98
98 
99 100 
100 10